171 151 208 151 208 164 171 164 pothole 0
24 219 106 219 106 272 24 272 pothole 0
86 251 130 251 130 282 86 282 pothole 0
151 205 200 205 200 232 151 232 pothole 0
203 211 253 211 253 236 203 236 pothole 0
281 219.99999999999997 322 219.99999999999997 322 239 281 239 pothole 0
235 248 283 248 283 278 235 278 pothole 0
158 252 210 252 210 285 158 285 pothole 0
180 284 248 284 248 299 180 299 pothole 0
304 272 372 272 372 297 304 297 pothole 0
233 165 256 165 256 177 233 177 pothole 0
215 160 234 160 234 166 215 166 pothole 0
240 136 322 136 322 176 240 176 pothole 0
325 177 498 177 498 247 325 247 pothole 0
463 245 532 245 532 299 463 299 pothole 0