161 154 240 154 240 213 161 213 pothole 0
32 214 163 214 163 297 32 297 pothole 0
191 263 290 263 290 299 191 299 pothole 0
252 203 299 203 299 244 252 244 pothole 0
44 112 161 112 161 161 44 161 pothole 0
183 105 229 105 229 125 183 125 pothole 0
242 116 284 116 284 146 242 146 pothole 0
284 145 299 145 299 163 284 163 pothole 0
165 47 211 47 211 63 165 63 pothole 0
116 74 173 74 173 93 116 93 pothole 0
108 60 133 60 133 71 108 71 pothole 0
36 58 94 58 94 78.99999999999999 36 78.99999999999999 pothole 0
193 32 223 32 223 43 193 43 pothole 0
156 26 196 26 196 38 156 38 pothole 0
65 37 139 37 139 57 65 57 pothole 0
198 10 252 10 252 31 198 31 pothole 0
150 95 191 95 191 111 150 111 pothole 0
197 78.99999999999999 216 78.99999999999999 216 90 197 90 pothole 0
0 197 25 197 25 229 0 229 pothole 0