124 199 213 199 213 231 124 231 pothole 0
236 236 288 236 288 272 236 272 pothole 0
206.99999999999997 182 252.99999999999997 182 252.99999999999997 201 206.99999999999997 201 pothole 0
199 163 236 163 236 178 199 178 pothole 0
153 175 191 175 191 190 153 190 pothole 0
150 147 184 147 184 157 150 157 pothole 0
214 138 279 138 279 150 214 150 pothole 0
270 149 309 149 309 161 270 161 pothole 0
193 126 227.99999999999997 126 227.99999999999997 134 193 134 pothole 0
0 184 62 184 62 210 0 210 pothole 0
32 168.00000000000003 72 168.00000000000003 72 181.00000000000003 32 181.00000000000003 pothole 0
49 154 94 154 94 169 49 169 pothole 0
84 137 111.00000000000001 137 111.00000000000001 144 84 144 pothole 0
110.00000000000001 127 138 127 138 134 110.00000000000001 134 pothole 0
85 114 128 114 128 122.99999999999999 85 122.99999999999999 pothole 0
138 101 179 101 179 109 138 109 pothole 0
129 109 155 109 155 115.00000000000001 129 115.00000000000001 pothole 0
193 113 216 113 216 119 193 119 pothole 0