140 232 202 232 202 261 140 261 pothole 0
200 218 236.99999999999997 218 236.99999999999997 235 200 235 pothole 0
86 170.99999999999997 146 170.99999999999997 146 195 86 195 pothole 0
180 170 211 170 211 184 180 184 pothole 0
235.00000000000003 174 271 174 271 184 235.00000000000003 184 pothole 0
300 172 322 172 322 182 300 182 pothole 0
229.99999999999997 168.00000000000003 283 168.00000000000003 283 176 229.99999999999997 176 pothole 0
174 141 212 141 212 155.00000000000003 174 155.00000000000003 pothole 0
77 140 93 140 93 147 77 147 pothole 0
122.00000000000001 144 151 144 151 156 122.00000000000001 156 pothole 0
153 129 167 129 167 136 153 136 pothole 0
319 215 407 215 407 245 319 245 pothole 0