36 153 234 153 234 232.99999999999997 36 232.99999999999997 pothole 0
103 119 140 119 140 131 103 131 pothole 0
34 240 95 240 95 299 34 299 pothole 0
273 193 341 193 341 236 273 236 pothole 0
312 241 353 241 353 282 312 282 pothole 0
360 226 418 226 418 269 360 269 pothole 0
358 181.00000000000003 436 181.00000000000003 436 217.00000000000003 358 217.00000000000003 pothole 0
365 145 478 145 478 188 365 188 pothole 0
321 125 362 125 362 149 321 149 pothole 0
338 109 401 109 401 130 338 130 pothole 0
253 140 323 140 323 184 253 184 pothole 0
213 116 246.99999999999997 116 246.99999999999997 137 213 137 pothole 0
431 218 479 218 479 258 431 258 pothole 0
221 203 252 203 252 236 221 236 pothole 0