87 98 244 98 244 190 87 190 pothole 0
0 210 122 210 122 274 0 274 pothole 0
281 136 381 136 381 173 281 173 pothole 0
282 170 382 170 382 210 282 210 pothole 0
274 205 361 205 361 281 274 281 pothole 0
225 95 330 95 330 132 225 132 pothole 0
235 74 297 74 297 91 235 91 pothole 0
117 39 186 39 186 60 117 60 pothole 0
195 47 265 47 265 70 195 70 pothole 0
268 34 323 34 323 61 268 61 pothole 0
242 21.000000000000004 284 21.000000000000004 284 36 242 36 pothole 0
196 15 243.00000000000003 15 243.00000000000003 27 196 27 pothole 0
152 22 199 22 199 35 152 35 pothole 0
87 29 121 29 121 39 87 39 pothole 0
104 16 129 16 129 22 104 22 pothole 0
112.99999999999999 4 136 4 136 10 112.99999999999999 10 pothole 0
140 8 164 8 164 16 140 16 pothole 0