70 165 158 165 158 200 70 200 pothole 0
177 193.99999999999997 246 193.99999999999997 246 229 177 229 pothole 0
125 238 184 238 184 285 125 285 pothole 0
290 281 338 281 338 299 290 299 pothole 0
58.99999999999999 142 93 142 93 159 58.99999999999999 159 pothole 0
19 135 56 135 56 150 19 150 pothole 0
127 126 183 126 183 142 127 142 pothole 0
91 128 124 128 124 139 91 139 pothole 0
92 116 111 116 111 125 92 125 pothole 0
304 146 342 146 342 156 304 156 pothole 0
397 148 426 148 426 170 397 170 pothole 0