1 126 60 126 60 147 1 147 pothole 0
182 125 209 125 209 138 182 138 pothole 0
284 65 329 65 329 83 284 83 pothole 0
332 88 380 88 380 98 332 98 pothole 0
320.00000000000006 106 348 106 348 115.00000000000001 320.00000000000006 115.00000000000001 pothole 0
268 86 295 86 295 96 268 96 pothole 0
241 161 287 161 287 181.00000000000003 241 181.00000000000003 pothole 0
174 181.00000000000003 259 181.00000000000003 259 214 174 214 pothole 0
320.00000000000006 154 344 154 344 164 320.00000000000006 164 pothole 0
308 185 415 185 415 212 308 212 pothole 0
326 227 420 227 420 283 326 283 pothole 0
367 147 432 147 432 177 367 177 pothole 0