187 213 282 213 282 274 187 274 pothole 0
201.00000000000003 134 277 134 277 161 201.00000000000003 161 pothole 0
242.99999999999997 109 309 109 309 124 242.99999999999997 124 pothole 0
258 88 303 88 303 100 258 100 pothole 0
233.00000000000003 80 272 80 272 90 233.00000000000003 90 pothole 0
218 73 253 73 253 81 218 81 pothole 0
248 61 272 61 272 69 248 69 pothole 0
138 116 183 116 183 130 138 130 pothole 0
146 104 178 104 178 116 146 116 pothole 0
183 90 210 90 210 99 183 99 pothole 0
125 93 158 93 158 103 125 103 pothole 0
111 106 134 106 134 115.00000000000001 111 115.00000000000001 pothole 0
5 211 50.00000000000001 211 50.00000000000001 241 5 241 pothole 0