170 149 232 149 232 177 170 177 pothole 0
191 122.99999999999999 236 122.99999999999999 236 143 191 143 pothole 0
258 139 298 139 298 155.00000000000003 258 155.00000000000003 pothole 0
319 146 360 146 360 162 319 162 pothole 0
323 105 363 105 363 124 323 124 pothole 0
399.00000000000006 106 436 106 436 128 399.00000000000006 128 pothole 0
235 180 326 180 326 223 235 223 pothole 0
270 232 332 232 332 274 270 274 pothole 0
478 23 573 23 573 52 478 52 pothole 0
264 50 328 50 328 67 264 67 pothole 0
183 78.99999999999999 223 78.99999999999999 223 92 183 92 pothole 0
138 56 176 56 176 72 138 72 pothole 0
108 72 141 72 141 88 108 88 pothole 0
49 81 106 81 106 100 49 100 pothole 0
108 103 164 103 164 127 108 127 pothole 0
185 93 217 93 217 106 185 106 pothole 0
420 67 454 67 454 80 420 80 pothole 0